#   2  3  4  5  6  7  8  9  T  A
20  0  0  0  0  0  0  0  0  0  0
19  0  0  0  0  0  0  0  0  0  0
18  0  0  0  0  0  0  0  0  0  0
17  0  0  0  0  0  0  0  0  0  0
16  0  0  0  0  0  1  1  1  1  1
15  0  0  0  0  0  1  1  1  1  1
14  0  0  0  0  0  1  1  1  1  1
13  0  0  0  0  0  1  1  1  1  1
12  1  1  0  0  0  1  1  1  1  1
11  1  1  1  1  1  1  1  1  1  1
10  1  1  1  1  1  1  1  1  1  1
9   1  1  1  1  1  1  1  1  1  1
8   1  1  1  1  1  1  1  1  1  1
7   1  1  1  1  1  1  1  1  1  1
6   1  1  1  1  1  1  1  1  1  1
5   1  1  1  1  1  1  1  1  1  1
4   1  1  1  1  1  1  1  1  1  1
3   1  1  1  1  1  1  1  1  1  1
2   1  1  1  1  1  1  1  1  1  1
